 Computed angles file for PUMA motor control
 t13_5b.tag
 Eval_MLI v4.0
2	// File format
5	// Number of angle
0	// first slope : rising(1) falling(0)
ag1(tour)	ag2(tour)	ag3(tour)	ag4(tour)	ag5(tour)
0.041478	0.125269	0.167642	0.206706	0.247819
0.041394	0.125464	0.167397	0.206964	0.247819
0.041322	0.125661	0.167156	0.207228	0.247819
0.041247	0.125858	0.166919	0.207494	0.247819
0.041178	0.126056	0.166681	0.207761	0.247819
0.041106	0.126253	0.166442	0.208025	0.247819
0.041033	0.126431	0.166189	0.208292	0.247819
0.040964	0.126631	0.165953	0.208558	0.247819
0.040894	0.126828	0.165717	0.208828	0.247819
0.040817	0.127022	0.165467	0.209083	0.247819
0.040744	0.127217	0.165233	0.209356	0.247819
0.040653	0.127394	0.165028	0.209656	0.247819
0.040558	0.127592	0.164797	0.209925	0.247819
0.040447	0.127792	0.164539	0.210158	0.247819
0.040100	0.127794	0.164208	0.210419	0.247819
0.040083	0.127944	0.164028	0.210611	0.247667
0.039944	0.128167	0.163861	0.210750	0.247500
0.039806	0.128389	0.163694	0.210889	0.247361
0.039611	0.128694	0.163528	0.210917	0.247194
0.039472	0.128889	0.163361	0.211056	0.247028
0.039500	0.128972	0.163167	0.211361	0.246889
0.039944	0.128528	0.162833	0.212083	0.246833
0.039361	0.129278	0.162806	0.211750	0.246611
0.039111	0.129639	0.162667	0.211750	0.246417
0.039000	0.129833	0.162500	0.211889	0.246250
0.038889	0.130028	0.162333	0.212056	0.246111
0.038750	0.130250	0.162167	0.212194	0.245944
0.038583	0.130500	0.162000	0.212306	0.245778
0.038583	0.130583	0.161806	0.212556	0.245639
0.038361	0.130861	0.161667	0.212639	0.245472
0.038250	0.131083	0.161500	0.212778	0.245333
0.038139	0.131278	0.161333	0.212944	0.245167
0.037944	0.131611	0.161278	0.213111	0.245028
0.037833	0.131778	0.161056	0.213194	0.244861
0.037750	0.131944	0.160861	0.213361	0.244694
0.037667	0.132083	0.160667	0.213556	0.244528
0.037528	0.132306	0.160528	0.213694	0.244389
0.037417	0.132528	0.160361	0.213861	0.244222
0.037222	0.132778	0.160222	0.213944	0.244056
0.037111	0.133000	0.160056	0.214111	0.243917
0.037000	0.133167	0.159889	0.214306	0.243750
0.036889	0.133333	0.159722	0.214472	0.243611
0.036722	0.133611	0.159583	0.214556	0.243444
0.036778	0.133611	0.159389	0.214972	0.243389
0.036472	0.134000	0.159278	0.214917	0.243139
0.036278	0.134278	0.159139	0.215000	0.242972
0.036139	0.134500	0.159000	0.215167	0.242806
0.036000	0.134694	0.158833	0.215333	0.242667
0.036083	0.134722	0.158444	0.215306	0.242361
0.035833	0.135056	0.158444	0.215556	0.242306
0.035611	0.135361	0.158389	0.215750	0.242167
0.035417	0.135639	0.158278	0.215833	0.242000
0.035278	0.135833	0.158139	0.216000	0.241861
0.035139	0.136056	0.157972	0.216167	0.241694
0.034944	0.136333	0.157861	0.216250	0.241528
0.034778	0.136583	0.157722	0.216389	0.241361
0.034639	0.136806	0.157583	0.216556	0.241194
0.034528	0.137028	0.157472	0.216694	0.241056
0.034361	0.137250	0.157333	0.216861	0.240889
0.034222	0.137472	0.157194	0.217000	0.240722
0.034056	0.137694	0.157056	0.217167	0.240583
0.033889	0.137944	0.156944	0.217306	0.240417
0.033722	0.138194	0.156806	0.217417	0.240250
0.033528	0.138472	0.156694	0.217556	0.240083
0.033389	0.138694	0.156583	0.217722	0.239917
0.033222	0.138944	0.156444	0.217861	0.239750
0.033056	0.139194	0.156333	0.217972	0.239583
0.032889	0.139444	0.156222	0.218139	0.239444
0.032750	0.139639	0.156111	0.218306	0.239278
0.032583	0.139889	0.155972	0.218472	0.239111
0.032417	0.140167	0.155889	0.218611	0.238972
0.032222	0.140444	0.155778	0.218722	0.238778
0.032083	0.140667	0.155694	0.218889	0.238639
0.031889	0.140944	0.155583	0.219028	0.238472
0.031694	0.141194	0.155500	0.219139	0.238278
0.031556	0.141444	0.155389	0.219306	0.238139
0.031361	0.141722	0.155306	0.219444	0.237972
0.031194	0.142000	0.155222	0.219583	0.237806
0.031028	0.142222	0.155111	0.219778	0.237667
0.030833	0.142500	0.155028	0.219917	0.237500
0.030667	0.142778	0.154944	0.220056	0.237333
0.030528	0.143000	0.154833	0.220250	0.237194
0.030306	0.143306	0.154778	0.220389	0.237028
0.030139	0.143583	0.154694	0.220500	0.236833
0.029944	0.143861	0.154639	0.220667	0.236667
0.029778	0.144139	0.154556	0.220833	0.236528
0.029611	0.144361	0.154472	0.221028	0.236389
0.029417	0.144694	0.154417	0.221139	0.236194
0.029222	0.144972	0.154361	0.221306	0.236056
0.029056	0.145250	0.154306	0.221500	0.235917
0.028889	0.145528	0.154222	0.221639	0.235750
0.028694	0.145806	0.154167	0.221833	0.235583
0.028500	0.146111	0.154139	0.222000	0.235444
0.028333	0.146389	0.154083	0.222139	0.235278
0.028000	0.146889	0.154111	0.222222	0.235167
0.027778	0.147222	0.154167	0.222222	0.234806
0.027400	0.147453	0.153747	0.222372	0.234933
0.027069	0.147600	0.153414	0.222417	0.234800
0.026778	0.147811	0.153178	0.222303	0.234475
0.026572	0.147708	0.152711	0.222589	0.234475
0.026361	0.147792	0.152425	0.222425	0.234022
0.026286	0.147847	0.152219	0.222653	0.233850
0.026442	0.147703	0.152064	0.222989	0.233547
0.026586	0.147589	0.151953	0.223328	0.233242
0.026714	0.147528	0.151889	0.223592	0.232856
0.026822	0.147475	0.151836	0.223850	0.232467
0.026919	0.147428	0.151789	0.224108	0.232086
0.027058	0.147231	0.151592	0.224469	0.231797
0.027089	0.147067	0.151428	0.224756	0.231450
0.027100	0.147131	0.151492	0.224992	0.231061
0.027158	0.147053	0.151414	0.225267	0.230694
0.027200	0.147033	0.151394	0.225467	0.230264
0.026489	0.146789	0.151150	0.225608	0.229969
0.024097	0.145861	0.150222	0.224800	0.229161
0.021775	0.144956	0.149317	0.223992	0.228353
0.019800	0.144175	0.148536	0.223314	0.227675
0.015458	0.142456	0.146817	0.221831	0.226192
0.011772	0.140914	0.145275	0.220531	0.224892
0.008806	0.139672	0.144033	0.219486	0.223847
0.006419	0.138361	0.142722	0.218506	0.222867
0.004786	0.138303	0.142664	0.218275	0.222636
0.004361	0.138175	0.142536	0.218147	0.222508
0.004361	0.138175	0.142536	0.218147	0.222508
0.004361	0.138175	0.142536	0.218147	0.222508
0.004361	0.138175	0.142536	0.218147	0.222508
0.004361	0.138175	0.142536	0.218147	0.222508
0.004361	0.138175	0.142536	0.218147	0.222508
0.004361	0.138175	0.142536	0.218147	0.222508
0.004361	0.138175	0.142536	0.218147	0.222508
