 Computed angles file for PUMA motor control
 calc7m1o.tag
 Eval_MLI v4.0
2	// File format
7	// Number of angle
0	// first slope : rising(1) falling(0)
ag1(tour)	ag2(tour)	ag3(tour)	ag4(tour)	ag5(tour)	ag6(tour)	ag7(tour)
0.039253	0.042031	0.081972	0.084750	0.124264	0.127042	0.171267
0.039078	0.041856	0.081694	0.084472	0.124122	0.126900	0.170544
0.039133	0.041911	0.081681	0.084458	0.124056	0.126833	0.169847
0.039078	0.041856	0.081675	0.084458	0.124086	0.126864	0.169142
0.039158	0.041936	0.081664	0.084442	0.123967	0.126744	0.168417
0.039211	0.041989	0.081611	0.084389	0.123922	0.126700	0.167697
0.039367	0.042144	0.081539	0.084317	0.123733	0.126511	0.166994
0.039481	0.042258	0.081461	0.084239	0.123644	0.126422	0.166289
0.039644	0.042422	0.081483	0.084261	0.123664	0.126442	0.165567
0.039653	0.042433	0.081525	0.084303	0.123294	0.126250	0.165017
0.039669	0.042447	0.081344	0.084431	0.123094	0.126458	0.164811
0.039692	0.042492	0.081278	0.084708	0.122925	0.126753	0.164686
0.039508	0.042567	0.081089	0.084833	0.122733	0.126911	0.164503
0.039328	0.042642	0.080900	0.084956	0.122544	0.127072	0.164322
0.039147	0.042714	0.080708	0.085081	0.122353	0.127231	0.164142
0.038967	0.042789	0.080519	0.085206	0.122161	0.127389	0.163961
0.038783	0.042864	0.080331	0.085328	0.121969	0.127547	0.163778
0.038603	0.042939	0.080139	0.085453	0.121778	0.127708	0.163597
0.038419	0.043011	0.079947	0.085575	0.121586	0.127867	0.163414
0.038239	0.043086	0.079756	0.085697	0.121392	0.128025	0.163233
0.038056	0.043158	0.079564	0.085822	0.121200	0.128183	0.163050
0.037872	0.043233	0.079372	0.085944	0.121006	0.128342	0.162867
0.037692	0.043306	0.079181	0.086067	0.120814	0.128500	0.162686
0.037508	0.043381	0.078989	0.086189	0.120619	0.128661	0.162503
0.037325	0.043453	0.078794	0.086311	0.120425	0.128819	0.162319
0.037142	0.043525	0.078600	0.086433	0.120231	0.128978	0.162136
0.036958	0.043597	0.078408	0.086556	0.120033	0.129136	0.161953
0.036772	0.043672	0.078214	0.086675	0.119839	0.129294	0.161769
0.036589	0.043744	0.078017	0.086797	0.119642	0.129453	0.161583
0.036406	0.043817	0.077822	0.086919	0.119444	0.129611	0.161400
0.036219	0.043886	0.077628	0.087039	0.119250	0.129769	0.161217
0.036036	0.043958	0.077431	0.087158	0.119050	0.129928	0.161031
0.035850	0.044031	0.077233	0.087281	0.118853	0.130086	0.160847
0.035664	0.044103	0.077036	0.087400	0.118656	0.130244	0.160661
0.035478	0.044172	0.076839	0.087519	0.118456	0.130403	0.160478
0.035292	0.044242	0.076642	0.087639	0.118258	0.130558	0.160292
0.035106	0.044314	0.076442	0.087756	0.118058	0.130717	0.160106
0.034919	0.044383	0.076242	0.087875	0.117858	0.130875	0.159919
0.034733	0.044453	0.076044	0.087992	0.117656	0.131033	0.159733
0.034547	0.044522	0.075844	0.088111	0.117456	0.131189	0.159547
0.034358	0.044589	0.075642	0.088228	0.117253	0.131347	0.159358
0.034172	0.044658	0.075442	0.088344	0.117050	0.131506	0.159172
0.033983	0.044728	0.075239	0.088461	0.116847	0.131661	0.158983
0.033797	0.044794	0.075036	0.088578	0.116644	0.131819	0.158797
0.033608	0.044861	0.074833	0.088692	0.116439	0.131975	0.158608
0.033419	0.044928	0.074631	0.088808	0.116233	0.132133	0.158419
0.033231	0.044994	0.074425	0.088922	0.116028	0.132289	0.158231
0.033042	0.045061	0.074219	0.089036	0.115822	0.132444	0.158042
0.032850	0.045125	0.074014	0.089150	0.115614	0.132603	0.157853
0.032661	0.045189	0.073808	0.089261	0.115408	0.132758	0.157661
0.032469	0.045253	0.073600	0.089375	0.115200	0.132914	0.157472
0.032281	0.045317	0.073394	0.089486	0.114989	0.133069	0.157281
0.032089	0.045381	0.073183	0.089597	0.114781	0.133225	0.157089
0.031897	0.045442	0.072975	0.089706	0.114569	0.133381	0.156897
0.031706	0.045506	0.072764	0.089817	0.114358	0.133536	0.156706
0.031514	0.045567	0.072556	0.089925	0.114144	0.133689	0.156514
0.031322	0.045625	0.072342	0.090033	0.113931	0.133844	0.156322
0.031128	0.045686	0.072131	0.090139	0.113717	0.133997	0.156128
0.030933	0.045744	0.071917	0.090247	0.113500	0.134153	0.155933
0.030742	0.045803	0.071703	0.090353	0.113283	0.134306	0.155739
0.030547	0.045858	0.071486	0.090456	0.113067	0.134458	0.155544
0.030353	0.045917	0.071269	0.090561	0.112847	0.134611	0.155347
0.030158	0.045972	0.071053	0.090664	0.112628	0.134764	0.155153
0.029961	0.046025	0.070833	0.090764	0.112408	0.134917	0.154956
0.029767	0.046081	0.070614	0.090864	0.112186	0.135069	0.154758
0.029569	0.046133	0.070394	0.090964	0.111961	0.135219	0.154561
0.029372	0.046183	0.070172	0.091064	0.111736	0.135372	0.154361
0.029175	0.046233	0.069950	0.091158	0.111511	0.135522	0.154161
0.028978	0.046283	0.069725	0.091256	0.111283	0.135672	0.153961
0.028781	0.046331	0.069500	0.091350	0.111053	0.135822	0.153758
0.028581	0.046378	0.069272	0.091442	0.110822	0.135969	0.153558
0.028383	0.046422	0.069044	0.091533	0.110592	0.136119	0.153356
0.028183	0.046467	0.068817	0.091622	0.110356	0.136267	0.153150
0.027983	0.046511	0.068586	0.091711	0.110119	0.136414	0.152944
0.027781	0.046553	0.068353	0.091797	0.109883	0.136558	0.152739
0.027581	0.046592	0.068119	0.091881	0.109642	0.136703	0.152533
0.027378	0.046631	0.067883	0.091964	0.109400	0.136847	0.152325
0.027175	0.046667	0.067644	0.092042	0.109156	0.136992	0.152114
0.026972	0.046700	0.067406	0.092119	0.108908	0.137133	0.151906
0.026767	0.046733	0.067164	0.092197	0.108661	0.137275	0.151692
0.026564	0.046764	0.066922	0.092269	0.108408	0.137417	0.151478
0.026358	0.046792	0.066675	0.092339	0.108153	0.137556	0.151264
0.026150	0.046819	0.066428	0.092406	0.107897	0.137694	0.151047
0.025944	0.046842	0.066178	0.092469	0.107636	0.137831	0.150828
0.025736	0.046864	0.065928	0.092531	0.107372	0.137964	0.150606
0.025528	0.046883	0.065672	0.092589	0.107106	0.138097	0.150383
0.025317	0.046900	0.065417	0.092642	0.106833	0.138228	0.150158
0.025106	0.046914	0.065156	0.092692	0.106558	0.138356	0.149931
0.024894	0.046925	0.064892	0.092736	0.106278	0.138483	0.149700
0.024683	0.046933	0.064628	0.092778	0.105994	0.138608	0.149467
0.024469	0.046936	0.064358	0.092811	0.105706	0.138728	0.149231
0.024256	0.046939	0.064086	0.092842	0.105411	0.138847	0.148992
0.024039	0.046936	0.063808	0.092867	0.105111	0.138961	0.148747
0.023822	0.046928	0.063531	0.092883	0.104803	0.139072	0.148500
0.023603	0.046917	0.063244	0.092894	0.104489	0.139181	0.148247
0.023383	0.046900	0.062956	0.092900	0.104169	0.139281	0.147989
0.023161	0.046881	0.062664	0.092894	0.103839	0.139378	0.147725
0.022939	0.046853	0.062364	0.092881	0.103503	0.139469	0.147456
0.022714	0.046819	0.062058	0.092850	0.103150	0.139547	0.147172
0.022486	0.046781	0.061747	0.092814	0.102792	0.139622	0.146886
0.022258	0.046736	0.061431	0.092767	0.102419	0.139689	0.146589
0.022028	0.046683	0.061108	0.092706	0.102036	0.139742	0.146281
0.021794	0.046622	0.060778	0.092628	0.101639	0.139783	0.145956
0.021558	0.046553	0.060439	0.092533	0.101222	0.139808	0.145617
0.021319	0.046475	0.060089	0.092419	0.100789	0.139814	0.145258
0.021078	0.046383	0.059728	0.092281	0.100331	0.139794	0.144875
0.020833	0.046283	0.059358	0.092119	0.099850	0.139750	0.144464
0.020583	0.046167	0.058972	0.091925	0.099342	0.139664	0.144014
0.020331	0.046033	0.058572	0.091694	0.098797	0.139533	0.143514
0.020069	0.045883	0.058153	0.091422	0.098211	0.139339	0.142953
0.019803	0.045708	0.057711	0.091097	0.097578	0.139056	0.142303
0.019528	0.045508	0.057242	0.090708	0.096881	0.138644	0.141525
0.019239	0.045269	0.056736	0.090231	0.096103	0.138047	0.140561
0.018933	0.044978	0.056178	0.089633	0.095208	0.137139	0.139292
0.018603	0.044606	0.055539	0.088847	0.094136	0.135678	0.137478
0.018214	0.044075	0.054733	0.087692	0.092711	0.133061	0.134528
0.017647	0.043022	0.053378	0.085350	0.090142	0.127183	0.128414
0.017647	0.043022	0.053378	0.085350	0.090142	0.127183	0.128414
0.017647	0.043022	0.053378	0.085350	0.090142	0.127183	0.128414
0.017647	0.043022	0.053378	0.085350	0.090142	0.127183	0.128414
0.017647	0.043022	0.053378	0.085350	0.090142	0.127183	0.128414
0.017647	0.043022	0.053378	0.085350	0.090142	0.127183	0.128414
0.017647	0.043022	0.053378	0.085350	0.090142	0.127183	0.128414
0.017647	0.043022	0.053378	0.085350	0.090142	0.127183	0.128414
0.017647	0.043022	0.053378	0.085350	0.090142	0.127183	0.128414
0.017647	0.043022	0.053378	0.085350	0.090142	0.127183	0.128414
0.017647	0.043022	0.053378	0.085350	0.090142	0.127183	0.128414
0.017647	0.043022	0.053378	0.085350	0.090142	0.127183	0.128414
0.017647	0.043022	0.053378	0.085350	0.090142	0.127183	0.128414
