 Computed angles file for PUMA motor control
 calc7m_h23.tag
 Eval_MLI v4.0
2	// File format
7	// Number of angle
0	// first slope : rising(1) falling(0)
ag1(tour)	ag2(tour)	ag3(tour)	ag4(tour)	ag5(tour)	ag6(tour)	ag7(tour)
0.033330	0.066666	0.099996	0.133331	0.166662	0.199992	0.233327
0.033279	0.066758	0.099874	0.133468	0.166519	0.200134	0.233190
0.033234	0.066854	0.099752	0.133606	0.166377	0.200276	0.233048
0.033183	0.066945	0.099626	0.133747	0.166231	0.200417	0.232912
0.033132	0.067041	0.099503	0.133885	0.166088	0.200560	0.232774
0.033081	0.067134	0.099380	0.134029	0.165944	0.200700	0.232635
0.033031	0.067230	0.099258	0.134165	0.165802	0.200841	0.232494
0.032980	0.067326	0.099138	0.134306	0.165656	0.200982	0.232357
0.032933	0.067424	0.099015	0.134445	0.165513	0.201125	0.232219
0.032883	0.067515	0.098892	0.134587	0.165370	0.201263	0.232076
0.032832	0.067612	0.098770	0.134726	0.165227	0.201406	0.231938
0.032781	0.067708	0.098648	0.134867	0.165085	0.201548	0.231801
0.032735	0.067804	0.098527	0.135009	0.164939	0.201689	0.231665
0.032685	0.067901	0.098405	0.135147	0.164795	0.201828	0.231522
0.032639	0.067998	0.098283	0.135289	0.164653	0.201970	0.231385
0.032588	0.068095	0.098160	0.135427	0.164510	0.202112	0.231247
0.032538	0.068191	0.098040	0.135567	0.164365	0.202253	0.231107
0.032491	0.068288	0.097921	0.135710	0.164221	0.202393	0.230968
0.032441	0.068385	0.097799	0.135850	0.164078	0.202535	0.230830
0.032395	0.068482	0.097677	0.135991	0.163936	0.202677	0.230692
0.032348	0.068582	0.097555	0.136133	0.163793	0.202815	0.230551
0.032299	0.068680	0.097437	0.136271	0.163646	0.202957	0.230414
0.032252	0.068776	0.097317	0.136413	0.163503	0.203099	0.230276
0.032202	0.068877	0.097199	0.136555	0.163361	0.203237	0.230134
0.032155	0.068974	0.097077	0.136697	0.163219	0.203379	0.229996
0.032110	0.069072	0.096958	0.136837	0.163075	0.203522	0.229857
0.032064	0.069172	0.096838	0.136978	0.162930	0.203659	0.229717
0.032013	0.069270	0.096720	0.137120	0.162787	0.203801	0.229579
0.031967	0.069371	0.096600	0.137262	0.162644	0.203942	0.229441
0.031921	0.069472	0.096482	0.137405	0.162501	0.204081	0.229300
0.031875	0.069571	0.096363	0.137544	0.162357	0.204224	0.229161
0.031829	0.069671	0.096243	0.137685	0.162213	0.204365	0.229024
0.031780	0.069773	0.096126	0.137827	0.162069	0.204503	0.228884
0.031733	0.069874	0.096009	0.137969	0.161927	0.204645	0.228744
0.031688	0.069972	0.095891	0.138111	0.161785	0.204786	0.228604
0.031642	0.070073	0.095771	0.138253	0.161641	0.204926	0.228465
0.031596	0.070175	0.095653	0.138392	0.161496	0.205066	0.228327
0.031550	0.070277	0.095536	0.138534	0.161353	0.205205	0.228186
0.031504	0.070378	0.095419	0.138677	0.161209	0.205347	0.228048
0.031459	0.070480	0.095302	0.138819	0.161067	0.205489	0.227910
0.031414	0.070582	0.095184	0.138961	0.160925	0.205628	0.227769
0.031371	0.070685	0.095068	0.139104	0.160781	0.205769	0.227630
0.031327	0.070789	0.094951	0.139245	0.160637	0.205907	0.227490
0.031281	0.070892	0.094835	0.139388	0.160493	0.206048	0.227352
0.031235	0.070994	0.094721	0.139532	0.160349	0.206188	0.227212
0.031189	0.071096	0.094605	0.139674	0.160207	0.206329	0.227072
0.031144	0.071201	0.094488	0.139816	0.160065	0.206470	0.226933
0.031102	0.071305	0.094372	0.139958	0.159922	0.206610	0.226793
0.031057	0.071409	0.094259	0.140101	0.159777	0.206749	0.226655
0.031012	0.071514	0.094142	0.140243	0.159633	0.206889	0.226517
0.030969	0.071618	0.094026	0.140385	0.159491	0.207030	0.226376
0.030925	0.071722	0.093912	0.140528	0.159348	0.207169	0.226236
0.030880	0.071828	0.093797	0.140670	0.159206	0.207310	0.226096
0.030837	0.071934	0.093683	0.140813	0.159063	0.207449	0.225956
0.030794	0.072038	0.093568	0.140955	0.158920	0.207590	0.225816
0.030750	0.072144	0.093454	0.141099	0.158776	0.207730	0.225678
0.030706	0.072250	0.093339	0.141241	0.158632	0.207869	0.225539
0.030661	0.072356	0.093226	0.141384	0.158489	0.208008	0.225399
0.030620	0.072463	0.093111	0.141528	0.158347	0.208149	0.225261
0.030578	0.072570	0.092998	0.141672	0.158205	0.208288	0.225120
0.030534	0.072677	0.092886	0.141815	0.158062	0.208428	0.224980
0.030491	0.072784	0.092773	0.141957	0.157919	0.208568	0.224840
0.030448	0.072891	0.092658	0.142100	0.157776	0.208708	0.224700
0.030406	0.072998	0.092545	0.142242	0.157634	0.208848	0.224560
0.030363	0.073105	0.092433	0.142385	0.157491	0.208988	0.224420
0.030320	0.073212	0.092321	0.142528	0.157348	0.209128	0.224280
0.030278	0.073320	0.092209	0.142674	0.157206	0.209268	0.224141
0.030237	0.073429	0.092097	0.142817	0.157063	0.209406	0.224001
0.030194	0.073537	0.091985	0.142959	0.156918	0.209544	0.223861
0.030151	0.073645	0.091873	0.143102	0.156774	0.209685	0.223721
0.030111	0.073755	0.091762	0.143245	0.156632	0.209825	0.223581
0.030071	0.073863	0.091650	0.143390	0.156490	0.209964	0.223442
0.030029	0.073973	0.091538	0.143534	0.156347	0.210104	0.223302
0.029985	0.074082	0.091427	0.143676	0.156205	0.210244	0.223162
0.029943	0.074193	0.091318	0.143819	0.156062	0.210383	0.223021
0.029902	0.074304	0.091207	0.143962	0.155920	0.210521	0.222880
0.029862	0.074413	0.091096	0.144107	0.155778	0.210660	0.222740
0.029821	0.074523	0.090985	0.144251	0.155635	0.210800	0.222600
0.029780	0.074635	0.090875	0.144393	0.155493	0.210940	0.222460
0.029739	0.074747	0.090765	0.144537	0.155350	0.211079	0.222320
0.029699	0.074859	0.090655	0.144681	0.155208	0.211218	0.222180
0.029658	0.074971	0.090545	0.144825	0.155066	0.211358	0.222040
0.029618	0.075083	0.090436	0.144969	0.154924	0.211496	0.221899
0.029577	0.075194	0.090327	0.145114	0.154781	0.211634	0.221759
0.029536	0.075306	0.090218	0.145257	0.154640	0.211774	0.221619
0.029495	0.075419	0.090109	0.145401	0.154499	0.211914	0.221477
0.029454	0.075532	0.090000	0.145545	0.154357	0.212053	0.221337
0.029415	0.075643	0.089890	0.145690	0.154216	0.212192	0.221197
0.029377	0.075756	0.089783	0.145833	0.154074	0.212332	0.221056
0.029337	0.075870	0.089676	0.145977	0.153931	0.212472	0.220916
0.029297	0.075984	0.089568	0.146122	0.153788	0.212610	0.220776
0.029256	0.076097	0.089459	0.146266	0.153645	0.212748	0.220635
0.029216	0.076211	0.089350	0.146409	0.153503	0.212887	0.220494
0.029179	0.076325	0.089244	0.146554	0.153362	0.213026	0.220354
0.029139	0.076440	0.089137	0.146698	0.153219	0.213165	0.220214
0.029100	0.076554	0.089030	0.146842	0.153078	0.213304	0.220073
0.029062	0.076670	0.088923	0.146987	0.152938	0.213443	0.219932
0.029022	0.076786	0.088816	0.147132	0.152796	0.213582	0.219791
0.028983	0.076900	0.088710	0.147276	0.152654	0.213721	0.219650
0.028945	0.077016	0.088603	0.147420	0.152512	0.213860	0.219510
0.028906	0.077133	0.088496	0.147563	0.152370	0.213999	0.219370
0.028868	0.077250	0.088389	0.147709	0.152229	0.214136	0.219229
0.028829	0.077367	0.088284	0.147853	0.152088	0.214275	0.219087
0.028790	0.077484	0.088179	0.147996	0.151947	0.214415	0.218947
0.028752	0.077601	0.088074	0.148141	0.151805	0.214554	0.218806
0.028713	0.077718	0.087968	0.148285	0.151663	0.214691	0.218665
0.028675	0.077835	0.087862	0.148431	0.151522	0.214830	0.218525
0.028637	0.077952	0.087757	0.148575	0.151382	0.214970	0.218384
0.028601	0.078069	0.087653	0.148719	0.151240	0.215108	0.218242
0.028563	0.078186	0.087548	0.148864	0.151097	0.215246	0.218100
0.028525	0.078304	0.087444	0.149008	0.150956	0.215384	0.217960
0.028487	0.078424	0.087340	0.149153	0.150817	0.215524	0.217819
0.028449	0.078542	0.087236	0.149298	0.150676	0.215662	0.217677
0.028412	0.078660	0.087132	0.149443	0.150535	0.215800	0.217536
0.028375	0.078780	0.087027	0.149587	0.150394	0.215939	0.217396
0.028337	0.078900	0.086924	0.149730	0.150253	0.216079	0.217255
0.028300	0.079020	0.086823	0.149876	0.150112	0.216216	0.217113
0.028300	0.079020	0.086823	0.149877	0.150111	0.216217	0.217112
0.028300	0.079020	0.086823	0.149877	0.150111	0.216217	0.217112
0.028300	0.079020	0.086823	0.149877	0.150111	0.216217	0.217112
0.028300	0.079020	0.086823	0.149877	0.150111	0.216217	0.217112
0.028300	0.079020	0.086823	0.149877	0.150111	0.216217	0.217112
0.028300	0.079020	0.086823	0.149877	0.150111	0.216217	0.217112
0.028300	0.079020	0.086823	0.149877	0.150111	0.216217	0.217112
0.028300	0.079020	0.086823	0.149877	0.150111	0.216217	0.217112
0.028300	0.079020	0.086823	0.149877	0.150111	0.216217	0.217112
0.028300	0.079020	0.086823	0.149877	0.150111	0.216217	0.217112
0.028300	0.079020	0.086823	0.149877	0.150111	0.216217	0.217112
0.028300	0.079020	0.086823	0.149877	0.150111	0.216217	0.217112



