 Computed angles file for PUMA motor control
 t13_7.tag
 Eval_MLI v4.0
2	// File format
7	// Number of angle
0	// first slope : rising(1) falling(0)
ag1(tour)	ag2(tour)	ag3(tour)	ag4(tour)	ag5(tour)	ag6(tour)	ag7(tour)
0.033333	0.066667	0.100000	0.133333	0.166667	0.200000	0.233333
0.033278	0.066750	0.099861	0.133472	0.166528	0.200139	0.233194
0.033222	0.066861	0.099750	0.133611	0.166389	0.200278	0.233056
0.033194	0.066944	0.099611	0.133750	0.166222	0.200417	0.232917
0.033139	0.067056	0.099500	0.133889	0.166083	0.200556	0.232778
0.033083	0.067139	0.099389	0.134028	0.165944	0.200694	0.232639
0.033028	0.067222	0.099250	0.134167	0.165806	0.200833	0.232500
0.032972	0.067333	0.099139	0.134306	0.165667	0.200972	0.232361
0.032944	0.067417	0.099028	0.134444	0.165500	0.201139	0.232222
0.032889	0.067528	0.098889	0.134583	0.165361	0.201250	0.232083
0.032833	0.067611	0.098778	0.134722	0.165222	0.201417	0.231944
0.032778	0.067722	0.098639	0.134861	0.165083	0.201556	0.231806
0.032722	0.067806	0.098528	0.135000	0.164944	0.201694	0.231667
0.032694	0.067889	0.098417	0.135139	0.164806	0.201833	0.231528
0.032639	0.068000	0.098278	0.135278	0.164639	0.201972	0.231389
0.032583	0.068083	0.098167	0.135417	0.164500	0.202111	0.231250
0.032528	0.068194	0.098028	0.135556	0.164361	0.202250	0.231111
0.032500	0.068278	0.097917	0.135722	0.164222	0.202389	0.230972
0.032444	0.068389	0.097806	0.135861	0.164083	0.202528	0.230833
0.032389	0.068472	0.097667	0.136000	0.163944	0.202667	0.230694
0.032361	0.068583	0.097556	0.136139	0.163806	0.202806	0.230556
0.032306	0.068667	0.097444	0.136278	0.163639	0.202944	0.230417
0.032250	0.068778	0.097306	0.136417	0.163500	0.203111	0.230278
0.032194	0.068889	0.097194	0.136556	0.163361	0.203250	0.230139
0.032167	0.068972	0.097083	0.136694	0.163222	0.203389	0.230000
0.032111	0.069083	0.096972	0.136833	0.163083	0.203528	0.229861
0.032056	0.069167	0.096833	0.136972	0.162917	0.203667	0.229722
0.032000	0.069278	0.096722	0.137111	0.162778	0.203806	0.229583
0.031972	0.069361	0.096611	0.137250	0.162639	0.203944	0.229444
0.031917	0.069472	0.096472	0.137417	0.162500	0.204083	0.229306
0.031889	0.069583	0.096361	0.137556	0.162361	0.204222	0.229167
0.031833	0.069667	0.096250	0.137694	0.162222	0.204361	0.229028
0.031778	0.069778	0.096139	0.137833	0.162056	0.204500	0.228889
0.031722	0.069889	0.096000	0.137972	0.161917	0.204639	0.228750
0.031694	0.069972	0.095889	0.138111	0.161778	0.204778	0.228611
0.031639	0.070083	0.095778	0.138250	0.161639	0.204917	0.228472
0.031583	0.070167	0.095639	0.138389	0.161500	0.205056	0.228333
0.031556	0.070278	0.095528	0.138528	0.161361	0.205194	0.228194
0.031500	0.070389	0.095417	0.138667	0.161222	0.205361	0.228056
0.031472	0.070472	0.095306	0.138806	0.161056	0.205500	0.227917
0.031417	0.070583	0.095194	0.138972	0.160917	0.205639	0.227778
0.031361	0.070694	0.095056	0.139111	0.160778	0.205778	0.227639
0.031333	0.070778	0.094944	0.139250	0.160639	0.205917	0.227500
0.031278	0.070889	0.094833	0.139389	0.160500	0.206056	0.227361
0.031222	0.071000	0.094722	0.139528	0.160361	0.206194	0.227222
0.031194	0.071083	0.094611	0.139667	0.160194	0.206333	0.227083
0.031139	0.071194	0.094500	0.139806	0.160056	0.206472	0.226944
0.031111	0.071306	0.094361	0.139972	0.159917	0.206611	0.226778
0.031056	0.071417	0.094250	0.140111	0.159778	0.206750	0.226667
0.031000	0.071500	0.094139	0.140250	0.159639	0.206889	0.226528
0.030972	0.071611	0.094028	0.140389	0.159500	0.207028	0.226361
0.030917	0.071722	0.093917	0.140528	0.159361	0.207167	0.226250
0.030889	0.071833	0.093806	0.140667	0.159194	0.207306	0.226083
0.030833	0.071944	0.093694	0.140806	0.159056	0.207444	0.225944
0.030806	0.072028	0.093556	0.140944	0.158917	0.207583	0.225806
0.030750	0.072139	0.093444	0.141111	0.158778	0.207722	0.225667
0.030694	0.072250	0.093333	0.141250	0.158639	0.207861	0.225528
0.030667	0.072361	0.093222	0.141389	0.158500	0.208000	0.225389
0.030611	0.072472	0.093111	0.141528	0.158333	0.208139	0.225250
0.030583	0.072583	0.093000	0.141667	0.158194	0.208278	0.225111
0.030528	0.072667	0.092889	0.141806	0.158056	0.208417	0.224972
0.030500	0.072778	0.092778	0.141944	0.157917	0.208556	0.224833
0.030444	0.072889	0.092667	0.142111	0.157778	0.208722	0.224694
0.030417	0.073000	0.092556	0.142250	0.157639	0.208833	0.224556
0.030361	0.073111	0.092444	0.142389	0.157500	0.209000	0.224417
0.030306	0.073222	0.092333	0.142528	0.157361	0.209139	0.224278
0.030278	0.073306	0.092222	0.142667	0.157194	0.209278	0.224139
0.030250	0.073417	0.092083	0.142806	0.157056	0.209417	0.224000
0.030194	0.073528	0.091972	0.142972	0.156917	0.209556	0.223861
0.030139	0.073639	0.091861	0.143111	0.156778	0.209694	0.223722
0.030111	0.073750	0.091750	0.143250	0.156639	0.209833	0.223583
0.030083	0.073861	0.091639	0.143389	0.156500	0.209972	0.223444
0.030028	0.073972	0.091528	0.143528	0.156333	0.210111	0.223306
0.029972	0.074083	0.091417	0.143667	0.156194	0.210250	0.223167
0.029944	0.074194	0.091306	0.143806	0.156056	0.210389	0.223028
0.029889	0.074306	0.091194	0.143972	0.155917	0.210528	0.222889
0.029861	0.074417	0.091083	0.144111	0.155778	0.210667	0.222750
0.029833	0.074528	0.090972	0.144250	0.155639	0.210806	0.222611
0.029778	0.074639	0.090889	0.144389	0.155500	0.210944	0.222444
0.029750	0.074750	0.090778	0.144528	0.155361	0.211083	0.222333
0.029694	0.074861	0.090639	0.144694	0.155194	0.211222	0.222167
0.029667	0.074972	0.090556	0.144833	0.155056	0.211361	0.222028
0.029611	0.075083	0.090444	0.144972	0.154917	0.211500	0.221889
0.029583	0.075194	0.090333	0.145111	0.154778	0.211639	0.221750
0.029528	0.075306	0.090222	0.145250	0.154639	0.211778	0.221611
0.029500	0.075417	0.090111	0.145389	0.154500	0.211917	0.221472
0.029444	0.075528	0.090000	0.145556	0.154361	0.212056	0.221333
0.029417	0.075639	0.089889	0.145694	0.154222	0.212194	0.221194
0.029389	0.075750	0.089778	0.145833	0.154083	0.212333	0.221056
0.029333	0.075861	0.089667	0.145972	0.153944	0.212472	0.220917
0.029306	0.075972	0.089556	0.146111	0.153778	0.212611	0.220778
0.029250	0.076083	0.089444	0.146278	0.153639	0.212750	0.220639
0.029222	0.076222	0.089361	0.146417	0.153500	0.212889	0.220500
0.029167	0.076333	0.089250	0.146556	0.153361	0.213028	0.220361
0.029139	0.076444	0.089139	0.146694	0.153222	0.213167	0.220222
0.029111	0.076556	0.089028	0.146833	0.153083	0.213306	0.220083
0.029056	0.076667	0.088917	0.147000	0.152944	0.213444	0.219917
0.029028	0.076778	0.088806	0.147139	0.152806	0.213583	0.219806
0.028972	0.076889	0.088722	0.147278	0.152667	0.213722	0.219639
0.028944	0.077028	0.088611	0.147417	0.152500	0.213861	0.219500
0.028917	0.077139	0.088500	0.147556	0.152361	0.214000	0.219361
0.028861	0.077250	0.088389	0.147722	0.152222	0.214139	0.219222
0.028833	0.077361	0.088278	0.147861	0.152083	0.214278	0.219083
0.028778	0.077472	0.088167	0.148000	0.151944	0.214417	0.218944
0.028750	0.077611	0.088083	0.148139	0.151806	0.214556	0.218806
0.028722	0.077722	0.087972	0.148278	0.151667	0.214694	0.218667
0.028667	0.077833	0.087861	0.148444	0.151528	0.214833	0.218528
0.028639	0.077944	0.087750	0.148583	0.151389	0.214972	0.218389
0.028611	0.078056	0.087639	0.148722	0.151250	0.215111	0.218250
0.028556	0.078194	0.087556	0.148861	0.151111	0.215250	0.218111
0.028528	0.078306	0.087444	0.149000	0.150944	0.215389	0.217972
0.028500	0.078417	0.087333	0.149167	0.150806	0.215528	0.217806
0.028444	0.078556	0.087222	0.149306	0.150667	0.215667	0.217667
0.028417	0.078667	0.087139	0.149444	0.150528	0.215806	0.217528
0.028417	0.078667	0.087139	0.149444	0.150528	0.215806	0.217528
0.028417	0.078667	0.087139	0.149444	0.150528	0.215806	0.217528
0.028417	0.078667	0.087139	0.149444	0.150528	0.215806	0.217528
0.028417	0.078667	0.087139	0.149444	0.150528	0.215806	0.217528
0.028417	0.078667	0.087139	0.149444	0.150528	0.215806	0.217528
0.028417	0.078667	0.087139	0.149444	0.150528	0.215806	0.217528
0.028417	0.078667	0.087139	0.149444	0.150528	0.215806	0.217528
0.028417	0.078667	0.087139	0.149444	0.150528	0.215806	0.217528
0.028417	0.078667	0.087139	0.149444	0.150528	0.215806	0.217528
0.028417	0.078667	0.087139	0.149444	0.150528	0.215806	0.217528
0.028417	0.078667	0.087139	0.149444	0.150528	0.215806	0.217528
0.028417	0.078667	0.087139	0.149444	0.150528	0.215806	0.217528
0.028417	0.078667	0.087139	0.149444	0.150528	0.215806	0.217528
0.028417	0.078667	0.087139	0.149444	0.150528	0.215806	0.217528
0.028417	0.078667	0.087139	0.149444	0.150528	0.215806	0.217528
