 Computed angles file for PUMA motor control
 calc1p1.tag
 Eval_MLI v4.0
2	// File format
1	// Number of angle
1	// first slope : rising(1) falling(0)
ag1(tour)
0.166667
0.167383
0.168100
0.168811
0.169522
0.170233
0.170942
0.171647
0.172353
0.173056
0.173756
0.174456
0.175156
0.175850
0.176547
0.177239
0.177933
0.178622
0.179311
0.180000
0.180686
0.181372
0.182056
0.182736
0.183419
0.184097
0.184775
0.185453
0.186131
0.186806
0.187478
0.188150
0.188822
0.189492
0.190161
0.190828
0.191494
0.192161
0.192825
0.193489
0.194150
0.194814
0.195472
0.196133
0.196792
0.197450
0.198106
0.198761
0.199417
0.200069
0.200725
0.201375
0.202028
0.202678
0.203328
0.203978
0.204625
0.205272
0.205919
0.206567
0.207211
0.207856
0.208500
0.209142
0.209783
0.210428
0.211067
0.211708
0.212347
0.212986
0.213625
0.214264
0.214900
0.215539
0.216175
0.216811
0.217444
0.218081
0.218714
0.219347
0.219981
0.220614
0.221244
0.221878
0.222508
0.223139
0.223769
0.224400
0.225031
0.225658
0.226289
0.226917
0.227544
0.228172
0.228800
0.229428
0.230053
0.230681
0.231306
0.231931
0.232558
0.233183
0.233808
0.234433
0.235058
0.235681
0.236306
0.236931
0.237553
0.238178
0.238800
0.239422
0.240047
0.240669
0.241292
0.241914
0.242536
0.243158
0.243781
0.244403
0.245025
0.245647
0.246269
0.246892
0.247514
0.248136
0.248756
0.249378
0.249997
