 Computed angles file for PUMA motor control
 calc9m1o.tag
 Eval_MLI v4.0
2	// File format
9	// Number of angle
0	// first slope : rising(1) falling(0)
ag1(tour)	ag2(tour)	ag3(tour)	ag4(tour)	ag5(tour)	ag6(tour)	ag7(tour)	ag8(tour)	ag9(tour)
0.032231	0.033619	0.065967	0.067356	0.099681	0.101069	0.132817	0.134206	0.169700
0.031942	0.033333	0.065731	0.067119	0.099411	0.100800	0.132569	0.133958	0.169014
0.032014	0.033403	0.065719	0.067108	0.099389	0.100778	0.132500	0.133889	0.168297
0.032078	0.033467	0.065744	0.067139	0.099275	0.100664	0.132464	0.133853	0.167594
0.032114	0.033536	0.065664	0.067053	0.099153	0.100544	0.132542	0.133931	0.166892
0.032194	0.033592	0.065656	0.067044	0.099108	0.100497	0.132550	0.133939	0.166167
0.032203	0.033597	0.065683	0.067117	0.099033	0.100628	0.132394	0.133953	0.165767
0.032117	0.033642	0.065569	0.067219	0.098883	0.100708	0.132236	0.134122	0.165622
0.032028	0.033700	0.065436	0.067311	0.098750	0.100847	0.132083	0.134303	0.165514
0.031944	0.033775	0.065297	0.067397	0.098614	0.100983	0.131964	0.134500	0.165392
0.031897	0.033822	0.065183	0.067514	0.098486	0.101117	0.131831	0.134647	0.165228
0.031764	0.033883	0.065044	0.067608	0.098342	0.101233	0.131681	0.134781	0.165083
0.031619	0.033933	0.064894	0.067692	0.098186	0.101344	0.131528	0.134911	0.164939
0.031478	0.033981	0.064747	0.067775	0.098033	0.101456	0.131378	0.135042	0.164794
0.031333	0.034031	0.064597	0.067861	0.097881	0.101567	0.131225	0.135172	0.164647
0.031189	0.034081	0.064447	0.067944	0.097728	0.101678	0.131072	0.135306	0.164503
0.031044	0.034131	0.064297	0.068028	0.097575	0.101789	0.130922	0.135436	0.164358
0.030900	0.034181	0.064147	0.068114	0.097419	0.101900	0.130769	0.135567	0.164214
0.030756	0.034228	0.063997	0.068197	0.097267	0.102011	0.130617	0.135697	0.164069
0.030611	0.034278	0.063847	0.068281	0.097111	0.102122	0.130464	0.135828	0.163922
0.030467	0.034328	0.063697	0.068364	0.096958	0.102231	0.130308	0.135961	0.163778
0.030322	0.034375	0.063544	0.068447	0.096803	0.102342	0.130156	0.136092	0.163633
0.030178	0.034425	0.063394	0.068531	0.096647	0.102453	0.130003	0.136222	0.163486
0.030033	0.034472	0.063242	0.068614	0.096492	0.102561	0.129847	0.136353	0.163342
0.029889	0.034522	0.063089	0.068694	0.096336	0.102672	0.129694	0.136483	0.163194
0.029744	0.034569	0.062936	0.068778	0.096178	0.102781	0.129539	0.136614	0.163050
0.029597	0.034619	0.062783	0.068861	0.096022	0.102892	0.129383	0.136744	0.162903
0.029453	0.034667	0.062631	0.068942	0.095864	0.103000	0.129228	0.136875	0.162756
0.029306	0.034714	0.062478	0.069022	0.095708	0.103108	0.129072	0.137006	0.162611
0.029161	0.034761	0.062325	0.069106	0.095550	0.103217	0.128917	0.137136	0.162464
0.029014	0.034808	0.062169	0.069186	0.095392	0.103325	0.128761	0.137267	0.162317
0.028869	0.034856	0.062017	0.069267	0.095233	0.103433	0.128606	0.137397	0.162169
0.028722	0.034903	0.061861	0.069347	0.095072	0.103542	0.128447	0.137528	0.162022
0.028575	0.034950	0.061706	0.069428	0.094914	0.103650	0.128292	0.137658	0.161875
0.028428	0.034997	0.061553	0.069508	0.094753	0.103758	0.128133	0.137789	0.161728
0.028283	0.035044	0.061394	0.069586	0.094594	0.103864	0.127978	0.137919	0.161581
0.028136	0.035092	0.061239	0.069667	0.094433	0.103972	0.127819	0.138050	0.161433
0.027989	0.035136	0.061083	0.069744	0.094272	0.104078	0.127661	0.138181	0.161286
0.027842	0.035183	0.060928	0.069822	0.094111	0.104183	0.127500	0.138311	0.161136
0.027692	0.035228	0.060769	0.069903	0.093947	0.104292	0.127342	0.138439	0.160989
0.027544	0.035275	0.060611	0.069981	0.093786	0.104397	0.127183	0.138569	0.160842
0.027397	0.035319	0.060453	0.070058	0.093622	0.104503	0.127022	0.138700	0.160692
0.027250	0.035364	0.060294	0.070133	0.093458	0.104608	0.126861	0.138831	0.160544
0.027100	0.035408	0.060136	0.070211	0.093294	0.104714	0.126700	0.138958	0.160394
0.026953	0.035453	0.059978	0.070286	0.093131	0.104817	0.126539	0.139089	0.160244
0.026803	0.035497	0.059817	0.070361	0.092967	0.104922	0.126378	0.139219	0.160094
0.026653	0.035539	0.059658	0.070439	0.092800	0.105025	0.126217	0.139347	0.159947
0.026506	0.035583	0.059497	0.070511	0.092633	0.105128	0.126053	0.139478	0.159797
0.026356	0.035625	0.059336	0.070586	0.092467	0.105231	0.125889	0.139606	0.159647
0.026206	0.035669	0.059175	0.070661	0.092300	0.105333	0.125725	0.139736	0.159497
0.026056	0.035711	0.059011	0.070733	0.092131	0.105436	0.125561	0.139864	0.159344
0.025906	0.035753	0.058850	0.070806	0.091964	0.105539	0.125397	0.139992	0.159194
0.025756	0.035794	0.058686	0.070878	0.091794	0.105639	0.125231	0.140122	0.159044
0.025606	0.035833	0.058522	0.070950	0.091622	0.105742	0.125067	0.140250	0.158892
0.025453	0.035875	0.058358	0.071019	0.091453	0.105842	0.124900	0.140378	0.158742
0.025303	0.035914	0.058192	0.071092	0.091281	0.105942	0.124731	0.140506	0.158589
0.025150	0.035953	0.058028	0.071161	0.091108	0.106039	0.124564	0.140633	0.158436
0.025000	0.035992	0.057861	0.071228	0.090936	0.106139	0.124394	0.140761	0.158283
0.024847	0.036031	0.057694	0.071297	0.090761	0.106236	0.124225	0.140889	0.158131
0.024694	0.036069	0.057528	0.071364	0.090586	0.106333	0.124056	0.141017	0.157978
0.024542	0.036106	0.057358	0.071431	0.090411	0.106431	0.123886	0.141144	0.157825
0.024389	0.036142	0.057192	0.071497	0.090236	0.106528	0.123714	0.141272	0.157669
0.024236	0.036178	0.057022	0.071561	0.090058	0.106622	0.123542	0.141397	0.157514
0.024083	0.036214	0.056850	0.071625	0.089881	0.106717	0.123369	0.141525	0.157361
0.023931	0.036247	0.056681	0.071689	0.089700	0.106811	0.123194	0.141650	0.157206
0.023775	0.036281	0.056508	0.071750	0.089519	0.106906	0.123019	0.141778	0.157050
0.023622	0.036314	0.056336	0.071811	0.089339	0.106997	0.122842	0.141903	0.156894
0.023467	0.036347	0.056164	0.071872	0.089158	0.107089	0.122667	0.142028	0.156736
0.023311	0.036381	0.055989	0.071931	0.088972	0.107178	0.122489	0.142153	0.156581
0.023156	0.036411	0.055814	0.071989	0.088789	0.107267	0.122308	0.142278	0.156422
0.023000	0.036439	0.055636	0.072044	0.088603	0.107356	0.122128	0.142403	0.156264
0.022844	0.036469	0.055461	0.072100	0.088417	0.107444	0.121947	0.142528	0.156106
0.022689	0.036497	0.055283	0.072153	0.088228	0.107528	0.121764	0.142650	0.155947
0.022531	0.036525	0.055103	0.072206	0.088036	0.107614	0.121581	0.142775	0.155786
0.022375	0.036550	0.054925	0.072256	0.087844	0.107697	0.121394	0.142897	0.155625
0.022217	0.036575	0.054742	0.072306	0.087653	0.107781	0.121208	0.143019	0.155464
0.022058	0.036600	0.054561	0.072356	0.087458	0.107861	0.121019	0.143142	0.155303
0.021900	0.036622	0.054378	0.072400	0.087261	0.107939	0.120828	0.143261	0.155139
0.021739	0.036644	0.054192	0.072444	0.087064	0.108017	0.120636	0.143383	0.154975
0.021581	0.036664	0.054006	0.072486	0.086864	0.108092	0.120442	0.143503	0.154811
0.021419	0.036683	0.053819	0.072528	0.086661	0.108167	0.120247	0.143622	0.154644
0.021261	0.036703	0.053631	0.072567	0.086458	0.108239	0.120047	0.143739	0.154481
0.021100	0.036719	0.053442	0.072603	0.086250	0.108308	0.119847	0.143856	0.154311
0.020936	0.036733	0.053250	0.072636	0.086042	0.108375	0.119644	0.143972	0.154142
0.020775	0.036747	0.053056	0.072669	0.085831	0.108439	0.119439	0.144089	0.153972
0.020611	0.036758	0.052861	0.072697	0.085617	0.108503	0.119233	0.144203	0.153803
0.020447	0.036767	0.052664	0.072722	0.085403	0.108561	0.119022	0.144317	0.153628
0.020283	0.036775	0.052464	0.072747	0.085183	0.108617	0.118808	0.144428	0.153456
0.020119	0.036781	0.052264	0.072767	0.084961	0.108672	0.118592	0.144539	0.153278
0.019953	0.036786	0.052061	0.072783	0.084736	0.108719	0.118369	0.144647	0.153100
0.019789	0.036786	0.051858	0.072797	0.084506	0.108767	0.118144	0.144756	0.152919
0.019619	0.036786	0.051650	0.072806	0.084275	0.108808	0.117917	0.144861	0.152739
0.019453	0.036783	0.051442	0.072811	0.084036	0.108844	0.117683	0.144964	0.152553
0.019283	0.036778	0.051228	0.072811	0.083797	0.108878	0.117444	0.145064	0.152367
0.019114	0.036769	0.051014	0.072808	0.083550	0.108903	0.117200	0.145164	0.152175
0.018944	0.036758	0.050797	0.072800	0.083300	0.108922	0.116950	0.145258	0.151983
0.018772	0.036742	0.050575	0.072783	0.083044	0.108936	0.116692	0.145350	0.151786
0.018597	0.036722	0.050350	0.072761	0.082781	0.108939	0.116425	0.145436	0.151581
0.018425	0.036700	0.050122	0.072733	0.082514	0.108936	0.116150	0.145519	0.151375
0.018247	0.036675	0.049889	0.072697	0.082239	0.108925	0.115869	0.145597	0.151161
0.018072	0.036644	0.049653	0.072656	0.081956	0.108903	0.115575	0.145669	0.150944
0.017892	0.036611	0.049411	0.072606	0.081667	0.108869	0.115272	0.145733	0.150717
0.017714	0.036569	0.049167	0.072544	0.081367	0.108822	0.114956	0.145792	0.150483
0.017531	0.036525	0.048914	0.072472	0.081056	0.108758	0.114622	0.145839	0.150236
0.017347	0.036472	0.048658	0.072389	0.080736	0.108678	0.114272	0.145872	0.149978
0.017161	0.036414	0.048392	0.072292	0.080400	0.108575	0.113903	0.145892	0.149706
0.016972	0.036347	0.048119	0.072181	0.080053	0.108450	0.113508	0.145892	0.149411
0.016781	0.036272	0.047839	0.072050	0.079686	0.108294	0.113086	0.145869	0.149094
0.016583	0.036186	0.047547	0.071900	0.079303	0.108106	0.112631	0.145817	0.148744
0.016386	0.036089	0.047244	0.071725	0.078894	0.107872	0.112133	0.145719	0.148353
0.016181	0.035978	0.046928	0.071522	0.078458	0.107589	0.111583	0.145564	0.147903
0.015969	0.035850	0.046592	0.071283	0.077989	0.107236	0.110969	0.145322	0.147364
0.015753	0.035697	0.046231	0.070997	0.077472	0.106792	0.110269	0.144947	0.146692
0.015522	0.035517	0.045839	0.070647	0.076894	0.106222	0.109447	0.144342	0.145789
0.015275	0.035283	0.045397	0.070197	0.076222	0.105458	0.108436	0.143300	0.144453
0.014992	0.034961	0.044856	0.069556	0.075364	0.104322	0.107069	0.141222	0.142092
0.014567	0.034264	0.043903	0.068147	0.073753	0.101750	0.104311	0.135272	0.135928
0.014567	0.034264	0.043903	0.068147	0.073753	0.101750	0.104311	0.135272	0.135928
0.014567	0.034264	0.043903	0.068147	0.073753	0.101750	0.104311	0.135272	0.135928
0.014567	0.034264	0.043903	0.068147	0.073753	0.101750	0.104311	0.135272	0.135928
0.014567	0.034264	0.043903	0.068147	0.073753	0.101750	0.104311	0.135272	0.135928
0.014567	0.034264	0.043903	0.068147	0.073753	0.101750	0.104311	0.135272	0.135928
0.014567	0.034264	0.043903	0.068147	0.073753	0.101750	0.104311	0.135272	0.135928
0.014567	0.034264	0.043903	0.068147	0.073753	0.101750	0.104311	0.135272	0.135928
0.014567	0.034264	0.043903	0.068147	0.073753	0.101750	0.104311	0.135272	0.135928
0.014567	0.034264	0.043903	0.068147	0.073753	0.101750	0.104311	0.135272	0.135928
0.014567	0.034264	0.043903	0.068147	0.073753	0.101750	0.104311	0.135272	0.135928
0.014567	0.034264	0.043903	0.068147	0.073753	0.101750	0.104311	0.135272	0.135928
0.014567	0.034264	0.043903	0.068147	0.073753	0.101750	0.104311	0.135272	0.135928
