 Computed angles file for PUMA motor control
 calc6p1o.tag
 Eval_MLI v4.0
2	// File format
6	// Number of angle
1	// first slope : rising(1) falling(0)
ag1(tour)	ag2(tour)	ag3(tour)	ag4(tour)	ag5(tour)	ag6(tour)
0.039097	0.042814	0.164500	0.206644	0.208589	0.249028
0.039228	0.042606	0.165117	0.206722	0.208667	0.249028
0.039286	0.042272	0.165722	0.206911	0.208856	0.249028
0.039378	0.042075	0.166358	0.207108	0.209053	0.249028
0.039558	0.041675	0.166886	0.207331	0.209275	0.249028
0.039611	0.041558	0.167400	0.207269	0.209336	0.249028
0.039536	0.041481	0.167583	0.207072	0.209617	0.249028
0.039556	0.041500	0.167733	0.206917	0.209933	0.248989
0.039511	0.041456	0.167978	0.206794	0.210108	0.248875
0.039486	0.041439	0.168181	0.206736	0.210306	0.248675
0.039408	0.041439	0.168378	0.206686	0.210542	0.248481
0.039389	0.041333	0.168597	0.206603	0.210686	0.248281
0.039453	0.041433	0.168744	0.206483	0.210981	0.248189
0.039286	0.041508	0.168883	0.206322	0.211242	0.248044
0.039158	0.041492	0.169069	0.206183	0.211458	0.247897
0.039117	0.041419	0.169294	0.206081	0.211628	0.247747
0.039108	0.041403	0.169503	0.205900	0.211744	0.247594
0.039106	0.041447	0.169728	0.205750	0.211886	0.247444
0.039128	0.041375	0.169956	0.205600	0.211992	0.247292
0.039208	0.041367	0.170144	0.205411	0.212092	0.247136
0.039336	0.041300	0.170308	0.205292	0.212239	0.246964
0.039219	0.041289	0.170494	0.205144	0.212439	0.246817
0.039106	0.041275	0.170681	0.204994	0.212639	0.246669
0.038989	0.041267	0.170867	0.204847	0.212839	0.246522
0.038875	0.041256	0.171053	0.204700	0.213042	0.246378
0.038758	0.041244	0.171242	0.204553	0.213242	0.246233
0.038644	0.041236	0.171428	0.204406	0.213444	0.246089
0.038528	0.041228	0.171617	0.204258	0.213647	0.245944
0.038414	0.041219	0.171803	0.204111	0.213850	0.245800
0.038297	0.041214	0.171992	0.203967	0.214053	0.245658
0.038183	0.041206	0.172181	0.203822	0.214258	0.245517
0.038069	0.041200	0.172372	0.203678	0.214464	0.245375
0.037953	0.041194	0.172561	0.203533	0.214669	0.245236
0.037839	0.041189	0.172753	0.203389	0.214875	0.245094
0.037725	0.041186	0.172944	0.203244	0.215083	0.244958
0.037611	0.041181	0.173136	0.203103	0.215292	0.244819
0.037497	0.041178	0.173328	0.202961	0.215500	0.244681
0.037381	0.041175	0.173522	0.202819	0.215711	0.244544
0.037267	0.041175	0.173714	0.202678	0.215922	0.244411
0.037153	0.041172	0.173908	0.202539	0.216133	0.244275
0.037039	0.041172	0.174103	0.202400	0.216347	0.244142
0.036925	0.041172	0.174300	0.202261	0.216561	0.244011
0.036811	0.041172	0.174494	0.202122	0.216775	0.243878
0.036697	0.041172	0.174692	0.201983	0.216992	0.243747
0.036583	0.041172	0.174892	0.201847	0.217208	0.243619
0.036469	0.041175	0.175089	0.201711	0.217428	0.243492
0.036358	0.041178	0.175289	0.201578	0.217647	0.243364
0.036244	0.041181	0.175489	0.201444	0.217867	0.243239
0.036131	0.041183	0.175689	0.201311	0.218089	0.243117
0.036017	0.041189	0.175892	0.201178	0.218314	0.242992
0.035906	0.041194	0.176094	0.201047	0.218539	0.242872
0.035792	0.041197	0.176300	0.200917	0.218764	0.242753
0.035678	0.041206	0.176506	0.200786	0.218992	0.242633
0.035567	0.041211	0.176711	0.200658	0.219222	0.242519
0.035453	0.041217	0.176917	0.200533	0.219456	0.242403
0.035342	0.041225	0.177128	0.200406	0.219689	0.242292
0.035228	0.041233	0.177336	0.200281	0.219922	0.242181
0.035117	0.041242	0.177547	0.200158	0.220161	0.242072
0.035003	0.041250	0.177758	0.200036	0.220400	0.241967
0.034892	0.041258	0.177972	0.199917	0.220642	0.241861
0.034778	0.041269	0.178189	0.199797	0.220886	0.241758
0.034667	0.041281	0.178406	0.199681	0.221133	0.241661
0.034556	0.041292	0.178625	0.199564	0.221383	0.241564
0.034442	0.041303	0.178844	0.199450	0.221636	0.241469
0.034331	0.041314	0.179067	0.199339	0.221892	0.241378
0.034219	0.041328	0.179292	0.199228	0.222150	0.241292
0.034106	0.041342	0.179517	0.199119	0.222411	0.241206
0.033994	0.041353	0.179744	0.199014	0.222678	0.241125
0.033883	0.041367	0.179975	0.198911	0.222944	0.241050
0.033772	0.041383	0.180208	0.198808	0.223219	0.240975
0.033661	0.041397	0.180442	0.198711	0.223494	0.240906
0.033550	0.041414	0.180681	0.198614	0.223778	0.240842
0.033436	0.041428	0.180922	0.198522	0.224064	0.240783
0.033325	0.041444	0.181164	0.198431	0.224356	0.240728
0.033214	0.041461	0.181411	0.198344	0.224653	0.240678
0.033103	0.041478	0.181661	0.198258	0.224956	0.240636
0.032992	0.041497	0.181914	0.198178	0.225264	0.240597
0.032881	0.041514	0.182172	0.198103	0.225581	0.240567
0.032769	0.041533	0.182433	0.198031	0.225903	0.240544
0.032658	0.041553	0.182700	0.197961	0.226236	0.240531
0.032547	0.041572	0.182969	0.197897	0.226575	0.240525
0.032436	0.041592	0.183244	0.197839	0.226925	0.240528
0.032325	0.041611	0.183525	0.197786	0.227283	0.240539
0.032214	0.041633	0.183811	0.197739	0.227656	0.240564
0.032100	0.041653	0.184108	0.197700	0.228044	0.240608
0.031989	0.041675	0.184406	0.197667	0.228442	0.240658
0.031878	0.041697	0.184714	0.197639	0.228856	0.240725
0.031767	0.041719	0.185028	0.197619	0.229283	0.240808
0.031656	0.041742	0.185350	0.197608	0.229731	0.240908
0.031542	0.041764	0.185683	0.197608	0.230200	0.241031
0.031431	0.041786	0.186025	0.197617	0.230692	0.241175
0.031317	0.041811	0.186381	0.197639	0.231211	0.241347
0.031206	0.041833	0.186744	0.197672	0.231764	0.241553
0.031092	0.041856	0.187125	0.197717	0.232350	0.241792
0.030981	0.041881	0.187519	0.197781	0.232978	0.242072
0.030867	0.041906	0.187933	0.197858	0.233656	0.242403
0.030753	0.041928	0.188364	0.197958	0.234394	0.242794
0.030639	0.041953	0.188814	0.198078	0.235208	0.243258
0.030522	0.041978	0.189292	0.198225	0.236117	0.243817
0.030408	0.042003	0.189794	0.198397	0.237147	0.244500
0.030292	0.042028	0.190331	0.198603	0.238356	0.245358
0.030175	0.042050	0.190900	0.198844	0.239831	0.246481
0.030058	0.042075	0.191514	0.199131	0.241792	0.248089
0.029714	0.042286	0.191581	0.198922	0.242042	0.247867
0.029597	0.042306	0.191636	0.198719	0.242303	0.247714
0.029464	0.042308	0.191639	0.198494	0.242550	0.247536
0.029369	0.042364	0.191728	0.198242	0.242722	0.247378
0.029303	0.042478	0.191739	0.197922	0.242933	0.247242
0.029172	0.042483	0.191864	0.197661	0.243133	0.247156
0.029014	0.042431	0.192067	0.197450	0.243369	0.247144
0.028911	0.042475	0.192206	0.197172	0.243494	0.247008
0.028786	0.042483	0.192328	0.196931	0.243697	0.246908
0.028744	0.042661	0.192458	0.196475	0.243678	0.246758
0.028631	0.042708	0.192572	0.196117	0.243828	0.246703
0.028506	0.042728	0.192789	0.195789	0.243864	0.246606
0.028406	0.042783	0.193158	0.195394	0.243736	0.246542
0.028308	0.042844	0.193186	0.195136	0.243978	0.246397
0.028144	0.042486	0.193072	0.195017	0.244275	0.246219
0.028808	0.041128	0.192933	0.194878	0.244128	0.246072
0.029714	0.039572	0.192769	0.194714	0.244008	0.245953
0.030692	0.037908	0.192611	0.194556	0.243878	0.245822
0.031758	0.036400	0.192531	0.194475	0.243778	0.245722
0.032928	0.034950	0.192486	0.194431	0.243708	0.245653
0.032850	0.034794	0.192411	0.194356	0.243631	0.245575
0.032850	0.034794	0.192408	0.194353	0.243628	0.245572
0.032278	0.034222	0.192428	0.194372	0.243647	0.245592
0.032267	0.034211	0.192428	0.194372	0.243647	0.245592
0.031478	0.033428	0.192467	0.194411	0.243683	0.245628
0.031472	0.033417	0.192461	0.194406	0.243681	0.245625
