 Computed angles file for PUMA motor control
 calc1m1.tag
 Eval_MLI v4.0
2	// File format
1	// Number of angle
0	// first slope : rising(1) falling(0)
ag1(tour)
0.166667
0.165950
0.165228
0.164506
0.163781
0.163056
0.162325
0.161594
0.160861
0.160128
0.159392
0.158650
0.157911
0.157167
0.156419
0.155672
0.154922
0.154167
0.153411
0.152656
0.151894
0.151131
0.150364
0.149597
0.148825
0.148050
0.147275
0.146494
0.145711
0.144925
0.144139
0.143347
0.142550
0.141753
0.140953
0.140147
0.139339
0.138528
0.137714
0.136894
0.136072
0.135247
0.134417
0.133583
0.132747
0.131906
0.131061
0.130211
0.129356
0.128497
0.127636
0.126767
0.125897
0.125019
0.124139
0.123253
0.122361
0.121464
0.120561
0.119653
0.118742
0.117822
0.116897
0.115967
0.115031
0.114086
0.113136
0.112181
0.111219
0.110247
0.109272
0.108286
0.107294
0.106294
0.105286
0.104272
0.103247
0.102214
0.101172
0.100119
0.099058
0.097986
0.096906
0.095814
0.094708
0.093594
0.092469
0.091331
0.090178
0.089014
0.087836
0.086642
0.085433
0.084211
0.082972
0.081714
0.080439
0.079147
0.077833
0.076500
0.075144
0.073767
0.072364
0.070936
0.069481
0.067997
0.066481
0.064931
0.063347
0.061725
0.060039
0.058328
0.056567
0.054753
0.052878
0.050939
0.048922
0.046825
0.044631
0.042328
0.039894
0.037306
0.034525
0.031508
0.028178
0.024408
0.019908
0.014075
0.005833
