 Computed angles file for PUMA motor control
 bon72.tag
 Eval_MLI v4.0
2	// File format
7	// Number of angle
1	// first slope : rising(1) falling(0)
ag1(tour)	ag2(tour)	ag3(tour)	ag4(tour)	ag5(tour)	ag6(tour)	ag7(tour)
0.031628	0.063922	0.102744	0.135039	0.166669	0.198294	0.230586
0.031658	0.063844	0.102850	0.134922	0.166811	0.198156	0.230767
0.031678	0.063767	0.102947	0.134797	0.166956	0.198014	0.230942
0.031731	0.063725	0.103039	0.134683	0.167094	0.197872	0.231147
0.031758	0.063653	0.103144	0.134564	0.167233	0.197728	0.231322
0.031789	0.063578	0.103253	0.134450	0.167375	0.197581	0.231497
0.031819	0.063497	0.103358	0.134331	0.167517	0.197433	0.231669
0.031850	0.063417	0.103469	0.134214	0.167653	0.197289	0.231842
0.031878	0.063336	0.103581	0.134094	0.167794	0.197142	0.232017
0.031906	0.063250	0.103692	0.133978	0.167931	0.196994	0.232183
0.031933	0.063167	0.103808	0.133858	0.168069	0.196847	0.232350
0.031964	0.063075	0.103922	0.133736	0.168206	0.196703	0.232514
0.031992	0.062981	0.104044	0.133617	0.168344	0.196556	0.232672
0.032017	0.062881	0.104164	0.133503	0.168481	0.196406	0.232831
0.032042	0.062783	0.104289	0.133383	0.168614	0.196258	0.232994
0.032067	0.062689	0.104408	0.133261	0.168744	0.196103	0.233150
0.032094	0.062578	0.104533	0.133139	0.168886	0.195964	0.233303
0.032117	0.062469	0.104661	0.133022	0.169017	0.195811	0.233456
0.032142	0.062358	0.104792	0.132900	0.169142	0.195656	0.233603
0.032178	0.062236	0.104942	0.132761	0.169214	0.195478	0.233747
0.032178	0.062153	0.105047	0.132672	0.169425	0.195364	0.233917
0.032183	0.062064	0.105203	0.132558	0.169572	0.195214	0.234056
0.032247	0.061814	0.105417	0.132414	0.169703	0.195108	0.234119
0.032264	0.061686	0.105561	0.132300	0.169836	0.194958	0.234256
0.032278	0.061553	0.105711	0.132183	0.169964	0.194808	0.234392
0.032289	0.061433	0.105869	0.132061	0.170083	0.194644	0.234522
0.032328	0.061283	0.106003	0.131953	0.170217	0.194492	0.234658
0.032411	0.061122	0.106147	0.131844	0.170286	0.194286	0.234778
0.032189	0.061106	0.106219	0.131858	0.170458	0.194047	0.235031
0.032178	0.060969	0.106372	0.131778	0.170606	0.193908	0.235194
0.032283	0.060731	0.106628	0.131581	0.170742	0.193833	0.235208
0.032283	0.060572	0.106783	0.131464	0.170878	0.193678	0.235322
0.032286	0.060403	0.106936	0.131350	0.171011	0.193514	0.235433
0.032278	0.060264	0.107125	0.131269	0.171136	0.193369	0.235583
0.032281	0.060117	0.107289	0.131161	0.171269	0.193222	0.235714
0.032286	0.059953	0.107456	0.131056	0.171392	0.193067	0.235839
0.032278	0.059800	0.107625	0.130958	0.171519	0.192908	0.235969
0.032258	0.059636	0.107797	0.130867	0.171647	0.192747	0.236097
0.032222	0.059481	0.107967	0.130772	0.171792	0.192592	0.236222
0.032211	0.059308	0.108206	0.130661	0.171886	0.192475	0.236358
0.032208	0.059064	0.108414	0.130617	0.172042	0.192275	0.236406
0.032197	0.058892	0.108589	0.130522	0.172183	0.192111	0.236508
0.032161	0.058714	0.108783	0.130453	0.172286	0.191944	0.236656
0.032117	0.058525	0.108972	0.130367	0.172417	0.191792	0.236778
0.032100	0.058353	0.109169	0.130311	0.172528	0.191592	0.236892
0.032078	0.058167	0.109375	0.130239	0.172647	0.191431	0.237008
0.032081	0.057989	0.109586	0.130178	0.172772	0.191247	0.237108
0.031969	0.057733	0.109833	0.130136	0.172889	0.191081	0.237217
0.031936	0.057542	0.110053	0.130061	0.173000	0.190914	0.237328
0.031914	0.057358	0.110306	0.129967	0.173089	0.190747	0.237425
0.031839	0.057147	0.110467	0.129947	0.173258	0.190575	0.237564
0.031797	0.056933	0.110681	0.129886	0.173381	0.190414	0.237675
0.031756	0.056728	0.110928	0.129833	0.173506	0.190264	0.237789
0.031711	0.056514	0.111156	0.129772	0.173636	0.190114	0.237900
0.031658	0.056283	0.111397	0.129722	0.173761	0.189964	0.238011
0.031597	0.056069	0.111661	0.129636	0.173872	0.189831	0.238117
0.031433	0.055875	0.111853	0.129733	0.173933	0.189472	0.238264
0.031344	0.055678	0.112092	0.129683	0.174072	0.189322	0.238378
0.031369	0.055475	0.112283	0.129603	0.174164	0.189161	0.238517
0.031325	0.055258	0.112528	0.129553	0.174278	0.189008	0.238633
0.031300	0.055033	0.112797	0.129503	0.174358	0.188850	0.238750
0.031178	0.054789	0.113042	0.129506	0.174539	0.188700	0.238861
0.031122	0.054567	0.113297	0.129467	0.174664	0.188558	0.238981
0.031067	0.054322	0.113553	0.129431	0.174794	0.188417	0.239092
0.031019	0.054094	0.113831	0.129397	0.174917	0.188283	0.239206
0.030981	0.053867	0.114153	0.129339	0.175008	0.188164	0.239314
0.030778	0.053542	0.114394	0.129394	0.175156	0.187956	0.239425
0.030636	0.053164	0.114547	0.129258	0.175258	0.187806	0.239522
0.030283	0.052861	0.114875	0.129258	0.175519	0.187717	0.239583
0.030633	0.053028	0.115000	0.129275	0.175439	0.187392	0.239892
0.030569	0.052808	0.115258	0.129244	0.175561	0.187256	0.240025
0.030522	0.052592	0.115500	0.129239	0.175692	0.187094	0.240158
0.030447	0.052347	0.115756	0.129186	0.175794	0.186956	0.240286
0.030386	0.052122	0.116008	0.129156	0.175922	0.186825	0.240422
0.030328	0.051897	0.116261	0.129122	0.176053	0.186703	0.240558
0.030272	0.051667	0.116517	0.129089	0.176186	0.186581	0.240692
0.030217	0.051439	0.116764	0.129064	0.176336	0.186467	0.240831
0.030186	0.051222	0.117008	0.128994	0.176481	0.186392	0.240975
0.030139	0.051003	0.117261	0.128950	0.176625	0.186286	0.241108
0.030078	0.050772	0.117494	0.128911	0.176733	0.186147	0.241264
0.030033	0.050553	0.117731	0.128861	0.176878	0.186053	0.241411
0.029986	0.050339	0.117956	0.128806	0.177028	0.185961	0.241564
0.029931	0.050114	0.118181	0.128728	0.177181	0.185894	0.241722
0.029872	0.049892	0.118442	0.128728	0.177281	0.185719	0.241858
0.029817	0.049689	0.118633	0.128664	0.177450	0.185617	0.242003
0.029817	0.049489	0.118850	0.128564	0.177536	0.185514	0.242175
0.029792	0.049297	0.119033	0.128472	0.177686	0.185419	0.242331
0.029811	0.049094	0.119222	0.128353	0.177797	0.185333	0.242489
0.029883	0.048883	0.119383	0.128253	0.177925	0.185217	0.242633
0.029789	0.048719	0.119458	0.128006	0.178125	0.185228	0.242825
0.029758	0.048522	0.119567	0.127836	0.178272	0.185125	0.242969
0.029803	0.048447	0.119717	0.127739	0.178361	0.184986	0.243178
0.029817	0.048308	0.119869	0.127619	0.178456	0.184856	0.243361
0.029761	0.048111	0.120000	0.127508	0.178653	0.184789	0.243525
0.029769	0.047806	0.120167	0.127297	0.178586	0.184606	0.243686
0.029711	0.047683	0.120350	0.127253	0.178742	0.184467	0.243853
0.029653	0.047489	0.120556	0.127194	0.178872	0.184344	0.244017
0.029650	0.047264	0.120781	0.127122	0.178981	0.184247	0.244178
0.029556	0.047042	0.120997	0.127072	0.179106	0.184108	0.244331
0.029450	0.046797	0.121214	0.127011	0.179222	0.183983	0.244489
0.029367	0.046544	0.121453	0.126978	0.179347	0.183869	0.244647
0.029283	0.046292	0.121703	0.126947	0.179472	0.183758	0.244800
0.029161	0.046028	0.121961	0.126950	0.179603	0.183606	0.244933
0.029061	0.045758	0.122236	0.126933	0.179717	0.183506	0.245103
0.028978	0.045497	0.122497	0.126908	0.179839	0.183403	0.245261
0.028881	0.045228	0.122764	0.126897	0.179961	0.183292	0.245414
0.028617	0.045067	0.122536	0.126542	0.179814	0.182747	0.245581
0.028350	0.044906	0.122306	0.126186	0.179664	0.182200	0.245747
0.028503	0.044531	0.122756	0.126164	0.179675	0.182219	0.245919
0.028458	0.044236	0.123125	0.126192	0.179794	0.182178	0.246083
0.028389	0.043947	0.123447	0.126214	0.179936	0.182092	0.246225
0.028278	0.043647	0.123747	0.126225	0.180075	0.182006	0.246378
0.028267	0.043103	0.124211	0.125992	0.180139	0.182097	0.246381
0.027867	0.042506	0.124294	0.126033	0.180400	0.182011	0.246581
0.027867	0.042506	0.124294	0.126033	0.180400	0.182011	0.246581
0.027867	0.042506	0.124294	0.126033	0.180400	0.182011	0.246581
0.027867	0.042506	0.124294	0.126033	0.180400	0.182011	0.246581
0.027867	0.042506	0.124294	0.126033	0.180400	0.182011	0.246581
0.027867	0.042506	0.124294	0.126033	0.180400	0.182011	0.246581
0.027867	0.042506	0.124294	0.126033	0.180400	0.182011	0.246581
0.027867	0.042506	0.124294	0.126033	0.180400	0.182011	0.246581
0.027867	0.042506	0.124294	0.126033	0.180400	0.182011	0.246581
0.027867	0.042506	0.124294	0.126033	0.180400	0.182011	0.246581
0.027867	0.042506	0.124294	0.126033	0.180400	0.182011	0.246581
0.027867	0.042506	0.124294	0.126033	0.180400	0.182011	0.246581
0.027867	0.042506	0.124294	0.126033	0.180400	0.182011	0.246581
0.027867	0.042506	0.124294	0.126033	0.180400	0.182011	0.246581
0.027867	0.042506	0.124294	0.126033	0.180400	0.182011	0.246581
0.027867	0.042506	0.124294	0.126033	0.180400	0.182011	0.246581
